
52215
52216
52217
52218
52219
52220
52221
52222
52223
52224
52225
52227
52228
52229
52231
52232
52233
52235
52236
52237
52240
52241
52242
52243
52244
52245
52246
52247
52248
52249
52251
52253
52254
52255
52257
52301
52302
52305
52306
52307
52308
52309
52310
52313
52314
52315
52316
52317
52318
52320
52321
52322
52323
52324
52325
52326
52327
52328
52329
52330
52332
52333
52334
52335
52336
52337
52338
52339
52340
52341
52342
52344
52345
52346
52347
52349
52351
52352
52353
52354
52356
52358
52359
52361
52362
52401
52402
52403
52404
52405
52406
52407
52408
52410
52411
52498
52499
52501
52530
52531
52533
52534
52535
52536
52537
52540
52542
52543
52544
52549
52550
52551
52552
52553
52554
52555
52556
52557
52560
52561
52563
52565
52567
52568
52569
52570
52571
52572
52573
52574
52576
52577
52580
52581
52583
52584
52585
52586
52590
52591
52594
52595
52601
52619
52620
52621
52623
52624
52625
52626
52627
52630
52631
52632
52635
52637
52638
52639
52640
52641
52644
52645
52646
52647
52648
52649
52650
52651
52652
52653
52654
52655
52656
52657
52658
52659
52660
52701
52720
52721
52722
52726
52727
52728
52729
52730
52731
52732
52733
52737
52738
52739
52742
52745
52746
52747
52748
52749
52750
52751
52752
52753
52754
52755
52756
52757
52758
52759
52760
52761
52765
52766
52767
52768
52769
52772
52773
52774
52776
52777
52778
52801
52802
52803
52804
52805
52806
52807
52808
52809
53001
53002
53003
53004
53005
53006
53007
53008
53010
53011
53012
53013
53014
53015
53016
53017
53018
53019
53020
53021
53022
53023
53024
53026
53027
53029
53031
53032
53033
53034
53035
53036
53037
53038
53039
53040
53042
53044
53045
53046
53047
53048
53049
53050
53051
53052
53056
53057
53058
53059
53060
53061
53062
53063
53064
53065
53066
53069
53070
53072
53073
53074
53075
53076
53078
53079
53080
53081
53082
53083
53085
53086
53088
53089
53090
53091
53092
53093
53094
53095
53097
53098
53099
53101
53102
53103
53104
53105
53108
53109
53110
53114
53115
53118
53119
53120
53121
53122
53125
53126
53127
53128
53129
53130
53132
53137
53138
53139
53140
53141
53142
53143
53144
53146
53147
53148
53149
53150
53151
53152
53153
53154
53156
53157
53158
53159
53167
53168
53170
53171
53172
53176
53177
53178
53179
53181
53182
53183
53184
53185
53186
53187
53188
53189
53190
53191
53192
53195
53201
53202
53203
53204
53205
53206
53207
53208
53209
53210
53211
53212
53213
53214
53215
53216
53217
53218
53219
53220
53221
53222
53223
53224
53225
53226
53227
53228
53233
53234
53235
53237
53259
53278
53288
53293
53295
53401
53402
53403
53404
53405
53406
53407
53408
53501
53502
53503
53504
53505
53506
53507
53508
53510
53511
53512
53515
53516
53517
53518
53520
53521
53522
53523
53525
53526
53527
53528
53529
53530
53531
53532
53533
53534
53535
53536
53537
53538
53540
53541
53542
53543
53544
53545
53546
53547
53548
53549
53550
53551
53553
53554
53555
53556
53557
53558
53559
53560
53561
53562
53563
53565
53566
53569
53570
53571
53572
53573
53574
53575
53576
53577
53578
53579
53580
53581
53582
53583
53585
53586
53587
53588
53589
53590
53593
53594
53595
53596
53597
53598
53599
53701
53702
53703
53704
53705
53706
53707
53708
53711
53713
53714
53715
53716
53717
53718
53719
53725
53726
53744
53783
53791
53792
53793
53801
53802
53803
53804
53805
53806
53807
53808
53809
53810
53811
53812
53813
53816
53817
53818
53820
53821
53825
53826
53827
53901
53910
53911
53913
53916
53919
53920
53922
53923
53924
53925
53926
53927
53928
53929
53930
53931
53932
53933
53934
53935
53936
53937
53939
53940
53941
53942
53943
53944
53946
53947
53948
53949
53950
53951
53952
53953
53954
53955
53956
53959
53960
53961
53962
53963
53964
53965
53968
53969
54001
54002
54003
54004
54005
54006
54007
54009
54010
54011
54013
54014
54015
54016
54017
54020
54021
54022
54023
54024
54025
54026
54027
54028
54082
54101
54102
54103
54104
54106
54107
54110
54111
54112
54113
54114
54115
54119
54120
54121
54123
54124
54125
54126
54127
54128
54129
54130
54131
54135
54136
54137
54138
54139
54140
54141
54143
54149
54150
54151
54152
54153
54154
54155
54156
54157
54159
54160
54161
54162
54165
54166
54169
54170
54171
54173
54174
54175
54177
54180
54182
54201
54202
54204
54205
54207
54208
54209
54210
54211
54212
54213
54214
54215
54216
54217
54220
54221
54226
54227
54228
54229
54230
54232
54234
54235
54240
54241
54245
54246
54247
54301
54302
54303
54304
54305
54306
54307
54308
54311
54313
54324
54344
54401
54402
54403
54404
54405
54406
54407
54408
54409
54410
54411
54412
54413
54414
54415
54416
54417
54418
54420
54421
54422
54423
54424
54425
54426
54427
54428
54429
54430
54433
54434
54435
54436
54437
54440
54441
54442
54443
54446
54447
54448
54449
54450
54451
54452
54454
54455
54456
54457
54458
54459
54460
54462
54463
54464
54465
54466
54467
54469
54470
54471
54473
54474
54475
54476
54479
54480
54481
54482
54484
54485
54486
54487
54488
54489
54490
54491
54493
54494
54495
54498
54499
54501
54511
54512
54513
54514
54515
54517
54519
54520
54521
54524
54525
54526
54527
54529
54530
54531
54532
54534
54536
54537
54538
54539
54540
54541
54542
54543
54545
54546
54547
54548
54550
54552
54554
54555
54556
54557
54558
54559
54560
54561
54562
54563
54564
54565
54566
54568
54601
54602
54603
54610
54611
54612
54613
54614
54615
54616
54618
54619
54621
54622
54623
54624
54625
54626
54627
54628
54629
54630
54631
54632
54634
54635
54636
54637
54638
54639
54641
54642
54643
54644
54645
54646
54648
54649
54650
54651
54652
54653
54654
54655
54656
54658
54659
54660
54661
54664
54665
54666
54667
54669
54670
54701
54702
54703
54720
54721
54722
54723
54724
54725
54726
54727
54728
54729
54730
54731
54732
54733
54734
54735
54736
54737
54738
54739
54740
54741
54742
54743
54745
54746
54747
54748
54749
54750
54751
54754
54755
54756
54757
54758
54759
54760
54761
54762
54763
54764
54765
54766
54767
54768
54769
54770
54771
54772
54773
54801
54805
54806
54810
54812
54813
54814
54816
54817
54818
54819
54820
54821
54822
54824
54826
54827
54828
54829
54830
54832
54835
54836
54837
54838
54840
54841
54842
54843
54844
54846
54847
54848
54849
54850
54853
54854
54855
54856
54857
54858
54859
54861
54862
54864
54865
54867
54868
54870
54871
54872
54873
54874
54875
54876
54880
54888
54889
54890
54891
54893
54895
54896
54901
54902
54903
54904
54909
54911
54912
54913
54914
54915
54919
54921
54922
54923
54926
54927
54928
54929
54930
54931
54932
54933
54934
54935
54936
54937
54940
54941
54942
54943
54944
54945
54946
54947
54948
54949
54950
54952
54956
54957
54960
54961
54962
54963
54964
54965
54966
54967
54968
54969
54970
54971
54974
54976
54977
54978
54979
54980
54981
54982
54983
54984
54985
54986
55001
55002
55003
55005
55006
55007
55008
55009
55010
55011
55012
55013
55014
55016
55017
55018
55019
55020
55021
55024
55025
55026
55027
55029
55030
55031
55032
55033
55036
55037
55038
55040
55041
55042
55043
55044
55045
55046
55047
55049
55051
55052
55053
55054
55055
55056
55057
55060
55063
55065
55066
55067
55068
55069
55070
55071
55072
55073
55074
55075
55076
55077
55078
55079
55080
55082
55083
55084
55085
55087
55088
55089
55090
55092
55101
55102
55103
55104
55105
55106
55107
55108
55109
55110
55111
55112
55113
55114
55115
55116
55117
55118
55119
55120
55121
55122
55123
55124
55125
55126
55127
55128
55129
55130
55133
55144
55150
55155
55164
55165
55175
55301
55302
55303
55304
55305
55306
55307
55308
55309
55310
55311
55312
55313
55314
55315
55316
55317
55318
55319
55320
55321
55322
55323
55324
55325
55327
55328
55329
55330
55331
55332
55333
55334
55335
55336
55337
55338
55339
55340
55341
55342
55343
55344
55345
55346
55347
55348
55349
55350
55352
55353
55354
55355
55356
55357
55358
55359
55360
55361
55362
55363
55364
55366
55367
55368
55369
55370
55371
55372
55373
55374
55375
55376
55377
55378
55379
55380
55381
55382
55384
55385
55386
55387
55388
55389
55390
55391
55392
55395
55396
55397
55398
55399
55401
55402
55403
55404
55405
55406
55407
55408
55409
55410
55411
55412
55413
55414
55415
55416
55417
55418
55419
55420
55421
55422
55423
55424
55425
55426
55427
55428
55429
55430
55431
55432
55433
55434
55435
55436
55437
55438
55439
55440
55441
55442
55443
55444
55445
55446
55447
55448
55449
55450
55454
55455
55458
55459
55467
55472
55474
55479
55480
55487
55488
55554
55572
55590
55598
55601
55602
55603
55604
55605
55606
55607
55609
55612
55613
55614
55615
55616
55701
55702
55703
55704
55705
55706
55707
55708
55709
55710
55711
55712
55713
55716
55717
55718
55719
55720
55721
55722
55723
55724
55725
55726
55730
55731
55732
55733
55734
55735
55736
55738
55741
55742
55744
55746
55748
55749
55750
55751
55752
55753
55756
55757
55758
55760
55763
55764
55765
55767
55768
55769
55771
55772
55775
55779
55780
55781
55782
55783
55784
55785
55786
55787
55790
55791
55792
55793
55795
55796
55797
55798
55801
55802
55803
55804
55805
55806
55807
55808
55810
55811
55812
55814
55815
55816
55901
55902
55903
55904
55905
55906
55909
55910
55912
55917
55918
55919
55920
55921
55922
55923
55924
55925
55926
55927
55929
55931
55932
55933
55934
55935
55936
55939
55940
55941
55942
55943
55944
55945
55946
55947
55949
55950
55951
55952
55953
55954
55955
55956
55957
55959
55960
55961
55962
55963
55964
55965
55967
55968
55969
55970
55971
55972
55973
55974
55975
55976
55977
55979
55981
55982
55983
55985
55987
55988
55990
55991
55992
56001
56002
56003
56006
56007
56009
56010
56011
56013
56014
56016
56017
56019
56020
56021
56022
56023
56024
56025
56026
56027
56028
56029
56030
56031
56032
56033
56034
56035
56036
56037
56039
56041
56042
56043
56044
56045
56046
56047
56048
56050
56051
56052
56054
56055
56056
56057
56058
56060
56062
56063
56065
56068
56069
56071
56072
56073
56074
56075
56078
56080
56081
56082
56083
56085
56087
56088
56089
56090
56091
56093
56096
56097
56098
56101
56110
56111
56113
56114
56115
56116
56117
56118
56119
56120
56121
56122
56123
56125
56127
56128
56129
56131
56132
56134
56136
56137
56138
56139
56140
56141
56142
56143
56144
56145
56146
56147
56149
56150
56151
56152
56153
56155
56156
56157
56158
56159
56160
56161
56162
56164
56165
56166
56167
56168
56169
56170
56171
56172
56173
56174
56175
56176
56178
56180
56181
56183
56185
56186
56187
56201
56207
56208
56209
56210
56211
56212
56214
56215
56216
56218
56219
56220
56221
56222
56223
56224
56225
56226
56227
56228
56229
56230
56231
56232
56235
56236
56237
56239
56240
56241
56243
56244
56245
56248
56249
56251
56252
56253
56255
56256
56257
56258
56260
56262
56263
56264
56265
56266
56267
56270
56271
56273
56274
56276
56277
56278
56279
56280
56281
56282
56283
56284
56285
56288
56289
56291
56292
56293
56294
56295
56296
56297
56301
56302
56303
56304
56307
56308
56309
56310
56311
56312
56313
56314
56315
56316
56317
56318
56319
56320
56321
56323
56324
56325
56326
56327
56328
56329
56330
56331
56332
56333
56334
56335
56336
56338
56339
56340
56341
56342
56343
56344
56345
56347
56349
56350
56352
56353
56354
56355
56356
56357
56358
56359
56360
56361
56362
56363
56364
56367
56368
56369
56371
56372
56373
56374
56375
56376
56377
56378
56379
56381
56382
56384
56385
56386
56387
56389
56393
56401
56425
56431
56433
56434
56435
56436
56437
56438
56440
56441
56442
56443
56444
56446
56447
56448
56449
56450
56452
56453
56455
56456
56458
56459
56461
56464
56465
56466
56467
56468
56469
56470
56472
56473
56474
56475
56477
56478
56479
56481
56482
56484
56501
56502
56510
56511
56514
56515
56516
56517
56518
56519
56520
56521
56522
56523
56524
56525
56527
56528
56529
56531
56533
56534
56535
56536
56537
56538
56540
56541
56542
56543
56544
56545
56546
56547
56548
56549
56550
56551
56552
56553
56554
56556
56557
56560
56561
56562
56563
56565
56566
56567
56568
56569
56570
56571
56572
56573
56574
56575
56576
56577
56578
56579
56580
56581
56583
56584
56585
56586
56587
56588
56589
56590
56592
56593
56594
56601
56619
56621
56623
56626
56627
56628
56629
56630
56631
56633
56634
56636
56637
56639
56641
56644
56646
56647
56649
56650
56651
56652
56653
56654
56655
56657
56659
56660
56661
56662
56663
56667
56668
56669
56670
56671
56672
56673
56676
56678
56679
56680
56681
56683
56684
56685
56686
56701
56710
56711
56713
56714
56715
56716
56720
56721
56722
56723
56724
56725
56726
56727
56728
56729
56731
56732
56733
56734
56735
56736
56737
56738
56741
56742
56744
56748
56750
56751
56754
56755
56756
56757
56758
56759
56760
56761
56762
56763
57001
57002
57003
57004
57005
57006
57007
57010
57012
57013
57014
57015
57016
57017
57018
57020
57021
57022
57024
57025
57026
57027
57028
57029
57030
57031
57032
57033
57034
57035
57036
57037
57038
57039
57040
57041
57042
57043
57045
57046
57047
57048
57049
57050
57051
57052
57053
57054
57055
57057
57058
57059
57061
57062
57063
57064
57065
57066
57067
57068
57069
57070
57071
57072
57073
57075
57076
57077
57078
57101
57103
57104
57105
57106
57107
57108
57109
57110
57117
57118
57186
57197
57198
57201
57212
57213
57214
57216
57217
57218
57219
57220
57221
57223
57224
57225
57226
57227
57231
57232
57233
57234
57235
57236
57237
57238
57239
57241
57242
57243
57245
57246
57247
57248
57249
57251
57252
57255
57257
57258
57259
57260
57261
57262
57263
57264
57265
57266
57268
57269
57270
57271
57272
57273
57274
57276
57278
57279
57301
57311
57312
57313
57314
57315
57317
57319
57321
57322
57323
57324
57325
57326
57328
57329
57330
57331
57332
57334
57335
57337
57339
57340
57341
57342
57344
57345
57346
57348
57349
57350
57353
57354
57355
57356
57358
57359
57361
57362
57363
57364
57365
57366
57367
57368
57369
57370
57371
57373
57374
57375
57376
57379
57380
57381
57382
57383
57384
57385
57386
57401
57402
57420
57421
57422
57424
57427
57428
57429
57430
57432
57433
57434
57435
57436
57437
57438
57439
57440
57441
57442
57445
57446
57448
57449
57450
57451
57452
57454
57455
57456
57457
57460
57461
57465
57466
57467
57468
57469
57471
57472
57473
57474
57475
57476
57477
57479
57481
57501
57520
57521
57522
57523
57528
57529
57531
57532
57533
57536
57537
57538
57540
57543
57544
57547
57548
57551
57552
57553
57555
57559
57560
57562
57564
57567
57568
57569
57570
57572
57574
57576
57577
57579
57580
57584
57585
57601
57620
57621
57623
57625
57626
57630
57631
57632
57633
57638
57639
57640
57641
57642
57644
57645
57646
57648
57649
57651
57656
57657
57660
57701
57702
57703
57706
57709
57714
57716
57717
57718
57719
57720
57722
57724
57725
57730
57732
57735
57737
57738
57741
57744
57745
57747
57748
57750
57751
57752
57754
57755
57756
57758
57759
57760
57761
57762
57763
57764
57766
57767
57769
57770
57772
57773
57775
57779
57780
57783
57785
57787
57788
57790
57791
57792
57793
57799
58001
58004
58005
58006
58007
58008
58009
58011
58012
58013
58015
58016
58017
58018
58021
58027
58029
58030
58031
58032
58033
58035
58036
58038
58040
58041
58042
58043
58045
58046
58047
58048
58049
58051
58052
58053
58054
58056
58057
58058
58059
58060
58061
58062
58063
58064
58065
58067
58068
58069
58071
58072
58074
58075
58076
58077
58078
58079
58081
58102
58103
58104
58105
58106
58107
58108
58121
58122
58124
58126
58201
58202
58203
58204
58205
58206
58207
58208
58210
58212
58214
58216
58218
58219
58220
58222
58223
58224
58225
58227
58228
58229
58230
58231
58233
58235
58236
58237
58238
58239
58240
58241
58243
58244
58249
58250
58251
58254
58256
58257
58258
58259
58260
58261
58262
58265
58266
58267
58269
58270
58271
58272
58273
58274
58275
58276
58277
58278
58281
58282
58301
58311
58313
58316
58317
58318
58321
58323
58324
58325
58327
58329
58330
58331
58332
58335
58338
58339
58341
58344
58345
58346
58348
58351
58352
58353
58355
58356
58357
58361
58362
58363
58365
58366
58367
58368
58369
58370
58372
58374
58377
58380
58381
58382
58384
58385
58386
58401
58402
58405
58413
58415
58416
58418
58420
58421
58422
58424
58425
58426
58428
58429
58431
58433
58436
58438
58439
58440
58441
58442
58443
58444
58445
58448
58451
58454
58455
58456
58458
58460
58461
58463
58464
58466
58467
58472
58474
58475
58476
58477
58478
58479
58480
58481
58482
58483
58484
58486
58487
58488
58490
58492
58494
58495
58496
58497
58501
58502
58503
58504
58505
58506
58507
58520
58521
58523
58524
58528
58529
58530
58531
58532
58533
58535
58538
58540
58541
58542
58544
58545
58549
58552
58554
58558
58559
58560
58561
58562
58563
58564
58565
58566
58568
58569
58570
58571
58572
58573
58575
58576
58577
58579
58580
58581
58601
58602
58620
58621
58622
58623
58625
58626
58627
58630
58631
58632
58634
58636
58638
58639
58640
58641
58642
58643
58645
58646
58647
58649
58650
58651
58652
58653
58654
58655
58656
58701
58702
58703
58704
58705
58707
58710
58711
58712
58716
58718
58721
58722
58723
58725
58727
58730
58731
58733
58734
58735
58736
58737
58740
58741
58744
58746
58748
58750
58752
58755
58756
58757
58758
58759
58760
58761
58762
58763
58765
58768
58769
58770
58771
58772
58773
58775
58776
58778
58779
58781
58782
58783
58784
58785
58787
58788
58789
58790
58792
58793
58794
58795
58801
58802
58830
58831
58833
58835
58838
58843
58844
58845
58847
58849
58852
58853
58854
58856
59001
59002
59003
59006
59007
59008
59010
59011
59012
59013
59014
59015
59016
59018
59019
59020
59022
59024
59025
59026
59027
59028
59029
59030
59031
59032
59033
59034
59035
59036
59037
59038
59039
59041
59043
59044
59046
59047
59050
59052
59053
59054
59057
59058
59059
59061
59062
59063
59064
59065
59066
59067
59068
59069
59070
59071
59072
59074
59075
59078
59079
59081
59085
59086
59087
59088
59101
59102
59103
59104
59105
59106
59107
59108
59116
59117
59201
59211
59212
59213
59215
59217
59218
59219
59221
59222
59223
59225
59226
59230
59231
59241
59242
59243
59244
59247
59248
59250
59252
59253
59254
59255
59256
59257
59258
59259
59260
59261
59262
59263
59270
59273
59274
59275
59276
59301
59311
59313
59314
59315
59316
59317
59319
59323
59324
59326
59327
59330
59332
59333
59336
59337
59338
59339
59341
59344
59345
59347
59349
59351
59353
59354
59401
59402
59403
59404
59405
59406
59410
59411
59412
59414
59416
59417
59419
59420
59421
59422
59424
59425
59427
59430
59432
59433
59434
59435
59436
59440
59441
59442
59443
59444
59446
59447
59448
59450
59451
59452
59453
59454
59457
59460
59462
59463
59464
59465
59466
59467
59468
59469
59471
59472
59474
59477
59479
59480
59482
59483
59484
59485
59486
59487
59489
59501
59520
59521
59522
59523
59524
59525
59526
59527
59528
59529
59530
59531
59532
59537
59538
59540
59542
59544
59545
59546
59547
59601
59602
59604
59620
59624
59625
59626
59631
59632
59633
59634
59635
59636
59638
59639
59640
59642
59643
59644
59645
59647
59648
59701
59702
59703
59707
59710
59711
59713
59714
59715
59716
59717
59718
59719
59720
59721
59722
59724
59725
59727
59728
59729
59730
59731
59732
59733
59735
59736
59739
59740
59741
59743
59745
59746
59747
59748
59749
59750
59751
59752
59754
59755
59756
59758
59759
59760
59761
59762
59771
59772
59801
59802
59803
59804
59806
59807
59808
59812
59820
59821
59823
59824
59825
59826
59827
59828
59829
59830
59831
59832
59833
59834
59837
59840
59841
59842
59843
59844
59845
59846
59847
59848
59851
59853
59854
59855
59856
59858
59859
59860
59863
59864
59865
59866
59868
59870
59871
59872
59873
59874
59875
59901
59903
59904
59910
59911
59912
59913
59914
59915
59916
59917
59918
59919
59920
59922
59923
59925
59926
59927
59928
59929
59930
59931
59932
59933
59934
59935
59936
59937
60001
60002
60004
60005
60006
60007
60008
60009
60010
60011
60012
60013
60014
60015
60016
60017
60018
60019
60020
60021
60022
60025
60026
60029
60030
60031
60033
60034
60035
60037
60038
60039
60040
60041
60042
60043
60044
60045
60046
60047
60048
60050
60051
60053
60055
60056
60060
60061
60062
60064
60065
60067
60068
60069
60070
60071
60072
60073
60074
60075
60076
60077
60078
60079
60081
60082
60083
60084
60085
60087
60088
60089
60090
60091
60093
60094
60095
60096
60097
60098
60099
60101
60102
60103
60104
60105
60106
60107
60108
60109
60110
60111
60112
60113
60115
60116
60118
60119
60120
60121
60123
60124
60126
60128
60129
60130
60131
60132
60133
60134
60135
60136
60137
60138
60139
60140
60141
60142
60143
60144
60145
60146
60147
60148
60150
60151
60152
60153
60154
60155
60156
60157
60159
60160
60161
60162
60163
60164
60165
60168
60169
60170
60171
60172
60173
60174
60175
60176
60177
60178
60179
60180
60181
60183
60184
60185
60186
60187
60188
60189
60190
60191
60192
60193
60194
60195
60196
60197
60199
60201
60202
60203
60204
60208
60290
60301
60302
60303
60304
60305
60401
60402
60403
60404
60406
60407
60408
60409
60410
60411
60412
60415
60416
60417
60419
60420
60421
60422
60423
60424
60425
60426
60428
60429
60430
60431
60432
60433
60434
60435
60436
60437
60438
60439
60440
60441
60442
60443
60444
60445
60446
60447
60448
60449
60450
60451
60452
60453
60454
60455
60456
60457
60458
60459
60460
60461
60462
60463
60464
60465
60466
60467
60468
60469
60470
60471
60472
60473
60474
60475
60476
60477
60478
60479
60480
60481
60482
60484
60487
60490
60491
60499
60501
60502
60503
60504
60505
60506
60507
60510
60511
60512
60513
60514
60515
60516
60517
60518
60519
60520
60521
60522
60523
60525
60526
60527
60530
60531
60532
60534
60536
60537
60538
60539
60540
60541
60542
60543
60544
60545
60546
60548
60549
60550
60551
60552
60553
60554
60555
60556
60557
60558
60559
60560
60561
60563
60564
60565
60566
60567
60585
60586
60598
60601
60602
60603
60604
60605
60606
60607
60608
60609
60610
60611
60612
60613
60614
60615
60616
60617
60618
60619
60620
60621
60622
60623
60624
60625
60626
60628
60629
60630
60631
60632
60633
60634
60636
60637
60638
60639
60640
60641
60642
60643
60644
60645
60646
60647
60649
60651
60652
60653
60654
60655
60656
60657
60659
60660
60661
60664
60666
60669
60670
60674
60675
60677
60678
60680
60681
60685
60690
60693
60694
60695
60696
60697
60699
60701
60706
60707
60712
60714
60803
60804
60805
60827
60901
60910
60911
60912
60913
60914
60915
60917
60918
60919
60920
60921
60922
60924
60927
60928
60929
60930
60931
60932
60933
60934
60935
60936
60938
60939
60940
60941
60942
60944
60945
60946
60948
60949
60950
60951
60952
60953
60954
60955
60956
60957
60958
60959
60960
60961
60962
60963
60964
60966
60967
60968
60969
60970
60973
61001
61006
61007
61008
61010
61011
61012
61013
61014
61015
61016
61018
61019
61020
61021
61024
61025
61027
61028
61030
61031
61032
61036
61037
61038
61039
61041
61042
61043
61044
61046
61047
61048
61049
61050
61051
61052
61053
61054
61057
61059
61060
61061
61062
61063
61064
61065
61067
61068
61070
61071
61072
61073
61074
61075
61077
61078
61079
61080
61081
61084
61085
61087
61088
61089
61091
61101
61102
61103
61104
61105
61106
61107
61108
61109
61110
61111
61112
61114
61115
61125
61126
61130
61132
61201
61204
61230
61231
61232
61233
61234
61235
61237
61238
61239
61240
61241
61242
61243
61244
61250
61251
61252
61254
61256
61257
61258
61259
61260
61261
61262
61263
61264
61265
61266
61270
61272
61273
61274
61275
61276
61277
61278
61279
61281
61282
61283
61284
61285
61299
61301
61310
61311
61312
61313
61314
61315
61317
61318
61319
61320
61321
61322
61323
61325
61326
61327
61328
61329
61330
61332
61333
61334
61335
61336
61337
61338
61340
61341
61342
61344
61345
61346
61348
61349
61350
61353
61354
61356
61358
61359
61360
61361
61362
61363
61364
61367
61368
61369
61370
61371
61372
61373
61374
61375
61376
61377
61378
61379
61401
61402
61410
61411
61412
61413
61414
61415
61417
61418
61419
61420
61421
61422
61423
61424
61425
61427
61428
61430
61431
61432
61433
61434
61435
61436
61437
61438
61439
61440
61441
61442
61443
61447
61448
61449
61450
61451
61452
61453
61454
61455
61458
61459
61460
61462
61465
61466
61467
61468
61469
61470
61471
61472
61473
61474
61475
61476
61477
61478
61479
61480
61482
61483
61484
61485
61486
61488
61489
61490
61491
61501
61516
61517
61519
61520
61523
61524
61525
61526
61528
61529
61530
61531
61532
61533
61534
61535
61536
61537
61539
61540
61541
61542
61543
61544
61545
61546
61547
61548
61550
61552
61553
61554
61555
61558
61559
61560
61561
61562
61563
61564
61565
61567
61568
61569
61570
61571
61572
61601
61602
61603
61604
61605
61606
61607
61610
61611
61612
61613
61614
61615
61616
61625
61629
61630
61634
61635
61636
61637
61639
61641
61643
61650
61652
61654
61656
61701
61702
61704
61705
61709
61710
61720
61721
61722
61723
61724
61725
61726
61727
61728
61729
61730
61731
61732
61733
61734
61735
61736
61737
61738
61739
61740
61741
61742
61743
61744
61745
61747
61748
61749
61750
61751
61752
61753
61754
61755
61756
61758
61759
61760
61761
61764
61769
61770
61771
61772
61773
61774
61775
61776
61777
61778
61790
61791
61801
61802
61803
61810
61811
61812
61813
61814
61815
61816
61817
61818
61820
61821
61822
61824
61825
61826
61830
61831
61832
61833
61834
61839
61840
61841
61842
61843
61844
61845
61846
61847
61848
61849
61850
61851
61852
61853
61854
61855
61856
61857
61858
61859
61862
61863
61864
61865
61866
61870
61871
61872
61873
61874
61875
61876
61877
61878
61880
61882
61883
61884
61910
61911
61912
61913
61914
61917
61919
61920
61924
61925
61928
61929
61930
61931
61932
61933
61936
61937
61938
61940
61942
61943
61944
61949
61951
61953
61955
61956
61957
62001
62002
62006
62009
62010
62011
62012
62013
62014
62015
62016
62017
62018
62019
62021
62022
62023
62024
62025
62026
62027
62028
62031
62032
62033
62034
62035
62036
62037
62040
62044
62045
62046
62047
62048
62049
62050
62051
62052
62053
62054
62056
62058
62059
62060
62061
62062
62063
62065
62067
62069
62070
62071
62074
62075
62076
62077
62078
62079
62080
62081
62082
62083
62084
62086
62087
62088
62089
62090
62091
62092
62093
62094
62095
62097
62098
62201
62202
62203
62204
62205
62206
62207
62208
62214
62215
62216
62217
62218
62219
62220
62221
62222
62223
62225
62226
62230
62231
62232
62233
62234
62236
62237
62238
62239
62240
62241
62242
62243
62244
62245
62246
62247
62248
62249
62250
62252
62253
62254
62255
62256
62257
62258
62259
62260
62261
62262
62263
62264
62265
62266
62268
62269
62271
62272
62273
62274
62275
62277
62278
62279
62280
62281
62282
62284
62285
62286
62288
62289
62292
62293
62294
62295
62297
62298
62301
62305
62306
62311
62312
62313
62314
62316
62319
62320
62321
62323
62324
62325
62326
62329
62330
62334
62336
62338
62339
62340
62341
62343
62344
62345
62346
62347
62348
62349
62351
62352
62353
62354
62355
62356
62357
62358
62359
62360
62361
62362
62363
62365
62366
62367
62370
62373
62374
62375
62376
62378
62379
62380
62401
62410
62411
62413
62414
62417
62418
62419
62420
62421
62422
62423
62424
62425
62426
62427
62428
62431
62432
62433
62434
62436
62438
62439
62440
62441
62442
62443
62444
62445
62446
62447
62448
62449
62450
62451
62452
62454
62458
62459
62460
62461
62462
62463
62464
62465
62466
62467
62468
62469
62471
62473
62474
62475
62476
62477
62478
62479
62480
62481
62501
62510
62512
62513
62514
62515
62517
62518
62519
62520
62521
62522
62523
62524
62525
62526
62530
62531
62532
62533
62534
62535
62536
62537
62538
62539
62540
62541
62543
62544
62545
62546
62547
62548
62549
62550
62551
62553
62554
62555
62556
62557
62558
62560
62561
62563
62565
62567
62568
62570
62571
62572
62573
62601
62610
62611
62612
62613
62615
62617
62618
62621
62622
62624
62625
62626
62627
62628
62629
62630
62631
62633
62634
62635
62638
62640
62642
62643
62644
62649
62650
62651
62655
62656
62660
62661
62663
62664
62665
62666
62667
62668
62670
62671
62672
62673
62674
62675
62677
62681
62682
62684
62685
62688
62689
62690
62691
62692
62693
62694
62695
62701
62702
62703
62704
62705
62706
62707
62708
62711
62712
62715
62739
62756
62764
62769
62781
62786
62791
62794
62801
62803
62806
62807
62808
62809
62810
62811
62812
62814
62815
62816
62817
62818
62819
62820
62821
62822
62823
62824
62825
62827
62828
62829
62830
62831
62832
62833
62835
62836
62837
62838
62839
62842
62843
62844
62846
62848
62849
62850
62851
62853
62854
62856
62858
62859
62860
62862
62863
62864
62865
62866
62867
62868
62869
62870
62871
62872
62874
62875
62876
62877
62878
62879
62880
62881
62882
62883
62884
62885
62886
62887
62888
62889
62890
62891
62892
62893
62894
62895
62896
62897
62898
62899
62901
62902
62903
62905
62906
62907
62908
62909
62910
62912
62914
62915
62916
62917
62918
62919
62920
62921
62922
62923
62924
62926
62927
62928
62930
62931
62932
62933
62934
62935
62938
62939
62940
62941
62942
62943
62946
62947
62948
62949
62950
62951
62952
62953
62954
62956
62957
62958
62959
62960
62963
62964
62965
62966
62967
62969
62970
62972
62973
62974
62975
62976
62977
62979
62982
62983
62984
62985
62987
62988
62990
62992
62994
62995
62996
62997
62998
62999
63005
63006
63010
63011
63012
63013
63014
63015
63016
63017
63019
63020
63021
63022
63023
63024
63025
63026
63028
63030
63031
63032
63033
63034
63036
63037
63038
63039
63040
63041
63042
63043
63044
63045
63047
63048
63049
63050
63051
63052
63053
63055
63056
63057
63060
63061
63065
63068
63069
63070
63071
63072
63073
63074
63077
63079
63080
63084
63087
63088
63089
63090
63091
63099
63101
63102
63103
63104
63105
63106
63107
63108
63109
63110
63111
63112
63113
63114
63115
63116
63117
63118
63119
63120
63121
63122
63123
63124
63125
63126
63127
63128
63129
63130
63131
63132
63133
63134
63135
63136
63137
63138
63139
63140
63141
63143
63144
63145
63146
63147
63150
63151
63155
63156
63157
63158
63160
63163
63164
63166
63167
63177
63178
63180
63301
63302
63303
63304
63332
63333
63334
63336
63338
63339
63341
63342
63343
63344
63345
63346
63347
63348
63349
63350
63351
63352
63353
63357
63359
63361
63362
63363
63365
63366
63367
63368
63369
63373
63376
63377
63379
63380
63381
63382
63383
63384
63385
63386
63387
63388
63389
63390
63401
63430
63431
63432
63434
63435
63436
63437
63438
63440
63441
63442
63443
63445
63446
63447
63448
63451
63452
63453
63454
63456
63457
63458
63459
63460
63461
63462
63463
63464
63465
63467
63468
63469
63471
63472
63473
63474
63501
63530
63531
63532
63533
63534
63535
63536
63537
63538
63539
63541
63543
63544
63545
63546
63547
63548
63549
63551
63552
63555
63556
63557
63558
63559
63560
63561
63563
63565
63566
63567
63601
63620
63621
63622
63623
63624
63625
63626
63627
63628
63629
63630
63631
63633
63636
63637
63638
63640
63645
63648
63650
63651
63653
63654
63655
63656
63660
63662
63663
63664
63665
63666
63670
63673
63674
63675
63701
63702
63703
63730
63732
63735
63736
63739
63740
63742
63743
63744
63745
63746
63747
63748
63751
63752
63755
63758
63760
63764
63766
63767
63769
63770
63771
63774
63775
63776
63779
63780
63781
63782
63783
63784
63785
63787
63801
63820
63821
63822
63823
63825
63826
63827
63828
63829
63830
63833
63834
63837
63839
63840
63841
63845
63846
63848
63849
63851
63852
63853
63855
63857
63860
63862
63863
63866
63867
63868
63869
63870
63873
63874
63876
63877
63878
63879
63880
63882
63901
63902
63932
63933
63934
63935
63936
63937
63938
63939
63940
63941
63942
63943
63944
63945
63950
63951
63952
63953
63954
63955
63956
63957
63960
63961
63964
63965
63966
63967
64001
64011
64012
64013
64014
64015
64016
64017
64018
64019
64020
64021
64022
64024
64028
64029
64030
64034
64035
64036
64037
64040
64048
64050
64051
64052
64053
64054
64055
64056
64057
64058
64060
64061
64062
64063
64064
64065
64066
64067
64068
64069
64070
64071
64072
64073
64074
64075
64076
64077
64078
64079
64080
64081
64082
64083
64084
64085
64086
64088
64089
64090
64092
64093
64096
64097
64098
64101
64102
64105
64106
64108
64109
64110
64111
64112
64113
64114
64116
64117
64118
64119
64120
64123
64124
64125
64126
64127
64128
64129
64130
64131
64132
64133
64134
64136
64137
64138
64139
64141
64145
64146
64147
64148
64149
64150
64151
64152
64153
64154
64155
64156
64157
64158
64161
64163
64164
64165
64166
64167
64168
64171
64188
64190
64191
64195
64196
64197
64198
64199
64401
64402
64420
64421
64422
64423
64424
64426
64427
64428
64429
64430
64431
64432
64433
64434
64436
64437
64438
64439
64440
64441
64442
64443
64444
64445
64446
64448
64449
64451
64453
64454
64455
64456
64457
64458
64459
64461
64463
64465
64466
64468
64469
64470
64471
64473
64474
64475
64476
64477
64479
64480
64481
64482
64483
64484
64485
64486
64487
64489
64490
64491
64492
64493
64494
64496
64497
64498
64501
64502
64503
64504
64505
64506
64507
64508
64601
64620
64622
64623
64624
64625
64628
64630
64631
64632
64633
64635
64637
64638
64639
64640
64641
64642
64643
64644
64645
64646
64647
64648
64649
64650
64651
64652
64653
64655
64656
64657
64658
64659
64660
64661
64664
64667
64668
64670
64671
64672
64673
64674
64676
64679
64681
64682
64683
64688
64689
64701
64720
64722
64723
64724
64725
64726
64728
64730
64733
64734
64735
64738
64739
64740
64741
64742
64743
64744
64745
64746
64747
64748
64750
64752
64755
64756
64759
64761
64762
64763
64765
64766
64767
64769
64770
64771
64772
64776
64778
64779
64780
64781
64783
64784
64788
64790
64801
64802
64803
64804
64830
64831
64832
64833
64834
64835
64836
64840
64841
64842
64843
64844
64847
64848
64850
64854
64855
64856
64857
64858
64859
64861
64862
64863
64864
64865
64866
64867
64868
64870
64873
64874
64999
65001
65010
65011
65013
65014
65016
65017
65018
65020
65023
65024
65025
65026
65032
65034
65035
65037
65038
65039
65040
65041
65042
65043
65046
65047
65048
65049
65050
65051
65052
65053
65054
65055
65058
65059
65061
65062
65063
65064
65065
65066
65067
65068
65069
65072
65074
65075
65076
65077
65078
65079
65080
65081
65082
65083
65084
65085
65101
65102
65103
65105
65106
65107
65109
65110
65201
65202
65203
65205
65211
65212
65215
65216
65217
65218
65230
65231
65232
65233
65236
65237
65239
65240
65243
65244
65247
65248
65250
65251
65254
65255
65256
65257
65258
65259
65260
65261
65262
65263
65264
65265
65270
65274
65275
65276
65279
65280
65281
65282
65283
65284
65285
65286
65287
65301
65302
65305
65320
65321
65322
65323
65324
65325
65326
65327
65329
65330
65332
65333
65334
65335
65336
65337
65338
65339
65340
65344
65345
65347
65348
65349
65350
65351
65354
65355
65360
65401
65402
65409
65438
65439
65440
65441
65443
65444
65446
65449
65452
65453
65456
65459
65461
65462
65463
65464
65466
65470
65473
65483
65484
65486
65501
65529
65532
65534
65535
65536
65541
65542
65543
65548
65550
65552
65555
65556
65557
65559
65560
65565
65566
65567
65570
65571
65580
65582
65583
65584
65588
65589
65590
65591
65601
65603
65604
65605
65606
65608
65609
65610
65611
65612
65613
65614
65615
65616
65617
65618
65619
65620
65622
65623
65624
65625
65626
65627
65629
65630
65631
65632
65633
65634
65635
65636
65637
65638
65640
65641
65644
65646
65647
65648
65649
65650
65652
65653
65654
65655
65656
65658
65660
65661
65662
65663
65664
65666
65667
65668
65669
65672
65673
65674
65675
65676
65679
65680
65681
65682
65685
65686
65688
65689
65690
65692
65702
65704
65705
65706
65707
65708
65710
65711
65712
65713
65714
65715
65717
65720
65721
65722
65723
65724
65725
65726
65727
65729
65730
65731
65732
65733
65734
65735
65737
65738
65739
65740
65741
65742
65744
65745
65746
65747
65752
65753
65754
65755
65756
65757
65759
65760
65761
65762
65764
65765
65766
65767
65768
65769
65770
65771
65772
65773
65774
65775
65777
65778
65779
65781
65783
65784
65785
65786
65787
65788
65789
65790
65791
65793
65801
65802
65803
65804
65805
65806
65807
65808
65809
65810
65814
65897
65898
66002
66006
66007
66008
66010
66012
66013
66014
66015
66017
66018
66019
66020
66021
66023
66024
66025
66026
66027
66030
66031
66032
66033
66035
66036
66039
66040
66041
66042
66043
66044
66045
66046
66047
66048
66049
66050
66051
66052
66053
66054
66056
66058
66060
66061
66062
66063
66064
66066
66067
66070
66071
66072
66073
66075
66076
66078
66079
66080
66083
66085
66086
66087
66088
66090
66091
66092
66093
66094
66095
66097
66101
66102
66103
66104
66105
66106
66109
66110
66111
66112
66113
66115
66117
66118
66119
66160
66201
66202
66203
66204
66205
66206
66207
66208
66209
66210
66211
66212
66213
66214
66215
66216
66217
66218
66219
66220
66221
66222
66223
66224
66225
66226
66227
66250
66251
66282
66283
66285
66286
66401
66402
66403
66404
66406
66407
66408
66409
66411
66412
66413
66414
66415
66416
66417
66418
66419
66420
66422
66423
66424
66425
66427
66428
66429
66431
66432
66434
66436
66438
66439
66440
66441
66442
66449
66451
66501
66502
66503
66505
66506
66507
66508
66509
66510
66512
66514
66515
66516
66517
66518
66520
66521
66523
66524
66526
66527
66528
66531
66532
66533
66534
66535
66536
66537
66538
66539
66540
66541
66542
66543
66544
66546
66547
66548
66549
66550
66552
66554
66601
66603
66604
66605
66606
66607
66608
66609
66610
66611
66612
66614
66615
66616
66617
66618
66619
66620
66621
66622
66624
66629
66636
66675
66683
66701
66710
66711
66712
66713
66714
66716
66717
66720
66724
66725
66728
66732
66733
66734
66735
66736
66738
66739
66740
66741
66742
66743
66746
66748
66749
66751
66753
66754
66755
66756
66757
66758
66760
66761
66762
66763
66767
66769
66770
66771
66772
66773
66775
66776
66777
66778
66779
66780
66781
66782
66783
66801
66830
66833
66834
66835
66838
66839
66840
66842
66843
66845
66846
66849
66850
66851
66852
66853
66854
66855
66856
66857
66858
66859
66860
66861
66862
66864
66865
66866
66868
66869
66870
66871
66872
66873
66901
66930
66932
66933
66935
66936
66937
66938
66939
66940
66941
66942
66943
66944
66945
66946
66948
66949
66951
66952
66953
66955
66956
66958
66959
66960
66961
66962
66963
66964
66966
66967
66968
66970
67001
67002
67003
67004
67005
67008
67009
67010
67012
67013
67016
67017
67018
67019
67020
67021
67022
67023
67024
67025
67026
67028
67029
67030
67031
67035
67036
67037
67038
67039
67041
67042
67045
67047
67050
67051
67052
67053
67054
67056
67057
67058
67059
67060
67061
67062
67063
67065
67066
67067
67068
67070
67071
67072
67073
67074
67101
67102
67103
67104
67105
67106
67107
67108
67109
67110
67111
67112
67114
67117
67118
67119
67120
67123
67124
67127
67131
67132
67133
67134
67135
67137
67138
67140
67142
67144
67146
67147
67149
67151
67152
67154
67155
67156
67159
67201
67202
67203
67204
67205
67206
67207
67208
67209
67210
67211
67212
67213
67214
67215
67216
67217
67218
67219
67220
67221
67223
67226
67227
67228
67230
67232
67235
67260
67275
67276
67277
67278
67301
67330
67332
67333
67335
67336
67337
67340
67341
67342
67344
67345
67346
67347
67349
67351
67352
67353
67354
67355
67356
67357
67360
67361
67363
67364
67401
67402
67410
67416
67417
67418
67420
67422
67423
67425
67427
67428
67430
67431
67432
67436
67437
67438
67439
67441
67442
67443
67444
67445
67446
67447
67448
67449
67450
67451
67452
67454
67455
67456
67457
67458
67459
67460
67464
67466
67467
67468
67470
67473
67474
67476
67478
67480
67481
67482
67483
67484
67485
67487
67490
67491
67492
67501
67502
67504
67505
67510
67511
67512
67513
67514
67515
67516
67518
67519
67520
67521
67522
67523
67524
67525
67526
67529
67530
67543
67544
67545
67546
67547
67548
67550
67552
67553
67554
67556
67557
67560
67561
67563
67564
67565
67566
67567
67568
67570
67572
67573
67574
67575
67576
67578
67579
67581
67583
67584
67585
67601
67621
67622
67623
67625
67626
67627
67628
67629
67631
67632
67634
67635
67637
67638
67639
67640
67642
67643
67644
67645
67646
67647
67648
67649
67650
67651
67653
67654
67656
67657
67658
67659
67660
67661
67663
67664
67665
67667
67669
67671
67672
67673
67674
67675
67701
67730
67731
67732
67733
67734
67735
67736
67737
67738
67739
67740
67741
67743
67744
67745
67747
67748
67749
67751
67752
67753
67756
67757
67758
67761
67762
67764
67801
67831
67834
67835
67836
67837
67838
67839
67840
67841
67842
67844
67846
67849
67850
67851
67853
67854
67855
67857
67859
67860
67861
67862
67863
67864
67865
67867
67868
67869
67870
67871
67876
67877
67878
67879
67880
67882
67901
67905
67950
67951
67952
67953
67954
68001
68002
68003
68004
68005
68007
68008
68010
68014
68015
68016
68017
68018
68019
68020
68022
68023
68025
68026
68028
68029
68030
68031
68033
68034
68036
68037
68038
68039
68040
68041
68042
68044
68045
68046
68047
68048
68050
68056
68057
68058
68059
68061
68062
68063
68064
68065
68066
68067
68068
68069
68070
68071
68072
68073
68101
68102
68103
68104
68105
68106
68107
68108
68110
68111
68112
68113
68114
68116
68117
68118
68120
68122
68123
68124
68127
68128
68130
68131
68132
68133
68134
68135
68136
68137
68138
68139
68142
68144
68145
68147
68152
68154
68157
68164
68175
68178
68179
68182
68183
68197
68198
68301
68303
68304
68305
68307
68309
68310
68313
68314
68315
68316
68317
68318
68319
68320
68321
68322
68323
68324
68325
68326
68327
68328
68329
68330
68331
68332
68333
68335
68336
68337
68338
68339
68340
68341
68342
68343
68344
68345
68346
68347
68348
68349
68350
68351
68352
68354
68355
68357
68358
68359
68360
68361
68362
68364
68365
68366
68367
68368
68370
68371
68372
68375
68376
68377
68378
68380
68381
68382
68401
68402
68403
68404
68405
68406
68407
68409
68410
68413
68414
68415
68416
68417
68418
68419
68420
68421
68422
68423
68424
68428
68429
68430
68431
68433
68434
68436
68437
68438
68439
68440
68441
68442
68443
68444
68445
68446
68447
68448
68450
68452
68453
68454
68455
68456
68457
68458
68460
68461
68462
68463
68464
68465
68466
68467
68501
68502
68503
68504
68505
68506
68507
68508
68509
68510
68512
68514
68516
68517
68520
68521
68522
68523
68524
68526
68527
68528
68529
68531
68532
68542
68583
68588
68601
68602
68620
68621
68622
68623
68624
68626
68627
68628
68629
68631
68632
68633
68634
68635
68636
68637
68638
68640
68641
68642
68643
68644
68647
68648
68649
68651
68652
68653
68654
68655
68658
68659
68660
68661
68662
68663
68664
68665
68666
68667
68669
68701
68702
68710
68713
68714
68715
68716
68717
68718
68719
68720
68722
68723
68724
68725
68726
68727
68728
68729
68730
68731
68732
68733
68734
68735
68736
68738
68739
68740
68741
68742
68743
68745
68746
68747
68748
68749
68752
68755
68756
68757
68758
68760
68761
68763
68764
68765
68766
68767
68768
68769
68770
68771
68773
68774
68776
68777
68778
68779
68780
68781
68783
68784
68785
68786
68787
68788
68789
68790
68791
68792
68801
68802
68803
68810
68812
68813
68814
68815
68816
68817
68818
68820
68821
68822
68823
68824
68825
68826
68827
68828
68831
68832
68833
68834
68835
68836
68837
68838
68840
68841
68842
68843
68844
68845
68846
68847
68848
68849
68850
68852
68853
68854
68855
68856
68858
68859
68860
68861
68862
68863
68864
68865
68866
68869
68870
68871
68872
68873
68874
68875
68876
68878
68879
68881
68882
68883
68901
68902
68920
68922
68923
68924
68925
68926
68927
68928
68930
68932
68933
68934
68935
68936
68937
68938
68939
68940
68941
68942
68943
68944
68945
68946
68947
68948
68949
68950
68952
68954
68955
68956
68957
68958
68959
68960
68961
68964
68966
68967
68969
68970
68971
68972
68973
68974
68975
68976
68977
68978
68979
68980
68981
68982
69001
69020
69021
69022
69023
69024
69025
69026
69027
69028
69029
69030
69032
69033
69034
69036
69037
69038
69039
69040
69043
69044
69045
69046
69101
69103
69120
69121
69122
69123
69125
69127
69128
69129
69130
69131
69133
69134
69138
69140
69141
69142
69143
69144
69145
69146
69147
69148
69149
69150
69151
69152
69153
69154
69155
69156
69157
69160
69161
69162
69163
69165
69166
69167
69168
69169
69170
69171
69190
69201
69210
69211
69212
69214
69216
69217
69218
69219
69220
69221
69301
69331
69333
69334
69336
69337
69339
69340
69341
69343
69345
69346
69347
69348
69350
69351
69352
69353
69355
69356
69357
69358
69360
69361
69363
69365
69366
69367
70001
70002
70003
70004
70005
70006
70009
70010
70011
70030
70031
70032
70033
70036
70037
70038
70039
70040
70041
70043
70044
70047
70049
70050
70051
70052
70053
70054
70055
70056
70057
70058
70059
70060
70062
70063
70064
70065
70067
70068
70069
70070
70071
70072
70073
70075
70076
70078
70079
70080
70081
70082
70083
70084
70085
70086
70087
70090
70091
70092
70093
70094
70096
70112
70113
70114
70115
70116
70117
70118
70119
70121
70122
70123
70124
70125
70126
70127
70128
70129
70130
70131
70139
70141
70142
70143
70145
70146
70148
70150
70152
70153
70157
70158
70160
70161
70163
70165
70170
70172
70174
70175
70177
70178
70179
70181
70182
70183
70184
70185
70186
70187
70189
70190
70301
70302
70310
70339
70340
70341
70342
70343
70344
70345
70346
70352
70353
70354
70355
70356
70357
70358
70359
70360
70361
70363
70364
70372
70373
70374
70375
70377
70380
70381
70390
70391
70392
70393
70394
70395
70397
70401
70402
70403
70404
70420
70421
70422
70426
70427
70429
70431
70433
70434
70435
70436
70437
70438
70441
70442
70443
70444
70445
70446
70447
70448
70449
70450
70451
70452
70453
70454
70455
70456
70457
70458
70459
70460
70461
70462
70463
70465
70466
70467
70469
70470
70471
70501
70502
70503
70504
70505
70506
70507
70508
70509
70510
70511
70512
70513
70514
70515
70516
70517
70518
70519
70520
70521
70522
70523
70524
70525
70526
70527
70528
70529
70531
70532
70533
70534
70535
70537
70538
70540
70541
70542
70543
70544
70546
70548
70549
70550
70551
70552
70554
70555
70556
70558
70559
70560
70562
70563
70569
70570
70571
70575
70576
70577
70578
70580
70581
70582
70583
70584
70585
70586
70589
70591
70592
70593
70596
70598
70601
70602
70605
70606
70607
70609
70611
70612
70615
70616
70629
70630
70631
70632
70633
70634
70637
70638
70639
70640
70643
70644
70645
70646
70647
70648
70650
70651
70652
70653
70654
70655
70656
70657
70658
70659
70660
70661
70662
70663
70664
70665
70668
70669
70704
70706
70707
70710
70711
70712
70714
70715
70718
70719
70721
70722
70723
70725
70726
70727
70729
70730
70732
70733
70734
70736
70737
70738
70739
70740
70743
70744
70747
70748
70749
70750
70752
70753
70754
70755
70756
70757
70759
70760
70761
70762
70763
70764
70765
70767
70769
70770
70772
70773
70774
70775
70776
70777
70778
70780
70782
70783
70784
70785
70786
70787
70788
70789
70791
70792
70801
70802
70803
70804
70805
70806
70807
70808
70809
70810
70811
70812
70813
70814
70815
70816
70817
70818
70819
70820
70821
70825
70826
70827
70831
70835
70836
70837
70874
70879
70884
70892
70894
70895
70896
70898
71001
71002
71003
71004
71006
71007
71008
71009
71016
71018
71019
71021
71023
71024
71027
71028
71029
71030
71031
71032
71033
71034
71037
71038
71039
71040
71043
71044
71045
71046
71047
71048
71049
71051
71052
71055
71058
71060
71061
71063
71064
71065
71066
71067
71068
71069
71070
71071
71072
71073
71075
71078
71079
71080
71082
71101
71102
71103
71104
71105
71106
71107
71108
71109
71110
71111
71112
71113
71115
71118
71119
71120
71129
71130
71133
71134
71135
71136
71137
71138
71148
71149
71150
71151
71161
71162
71163
71164
71165
71166
71171
71172
71201
71202
71203
71207
71209
71210
71211
71212
71218
71219
71220
71221
71222
71223
71225
71226
71227
71229
71230
71232
71233
71234
71235
71237
71238
71240
71241
71242
71243
71245
71247
71249
71250
71251
71253
71254
71256
71259
71260
71261
71263
71264
71266
71268
71269
71270
71272
71273
71275
71276
71277
71279
71280
71281
71282
71284
71286
71291
71292
71294
71295
71301
71302
71303
71306
71307
71309
71315
71320
71322
71323
71324
71325
71326
71327
71328
71329
71330
71331
71333
71334
71336
71339
71340
71341
71342
71343
71345
71346
71348
71350
71351
71353
71354
71355
71356
71357
71358
71360
71361
71362
71363
71366
71367
71368
71369
71371
71373
71375
71378
71401
71403
71404
71405
71406
71407
71409
71410
71411
71414
71415
71416
71417
71418
71419
71422
71423
71424
71425
71426
71427
71428
71429
71430
71432
71433
71435
71438
71439
71440
71441
71443
71446
71447
71448
71449
71450
71452
71454
71455
71456
71457
71458
71459
71460
71461
71462
71463
71465
71466
71467
71468
71469
71472
71473
71474
71475
71477
71479
71480
71483
71485
71486
71496
71497
71601
71602
71603
71611
71612
71613
71630
71631
71635
71638
71639
71640
71642
71643
71644
71646
71647
71651
71652
71653
71654
71655
71656
71657
71658
71660
71661
71662
71663
71665
71666
71667
71670
71671
71674
71675
71676
71677
71701
71711
71720
71721
71722
71724
71725
71726
71728
71730
71731
71740
71742
71743
71744
71745
71747
71748
71749
71750
71751
71752
71753
71754
71758
71759
71762
71763
71764
71765
71766
71770
71772
71801
71802
71822
71823
71825
71826
71827
71832
71833
71834
71835
71836
71837
71838
71839
71840
71841
71842
71845
71846
71847
71851
71852
71853
71854
71857
71858
71859
71860
71861
71862
71864
71865
71866
71901
71902
71903
71909
71910
71913
71914
71921
71922
71923
71929
71933
71935
71937
71940
71941
71943
71944
71945
71949
71950
71953
71956
71957
71958
71959
71960
71961
71962
71964
71965
71968
71970
71971
71972
71973
71998
71999
72001
72002
72003
72004
72006
72007
72010
72011
72012
72013
72014
72015
72016
72017
72018
72019
72020
72021
72022
72023
72024
72025
72026
72027
72028
72029
72030
72031
72032
72033
72034
72035
72036
72037
72038
72039
72040
72041
72042
72043
72044
72045
72046
72047
72051
72052
72053
72055
72057
72058
72060
72061
72063
72064
72065
72066
72067
72068
72069
72070
72072
72073
72074
72076
72078
72079
72080
72081
72082
72083
72084
72086
72087
72088
72089
72099
72101
72102
72103
72104
72105
72106
72107
72108
72110
72111
72112
72113
72114
72115
72116
72117
72118
72119
72120
72121
72122
72123
72124
72125
72126
72127
72128
72129
72130
72131
72132
72134
72135
72136
72137
72139
72140
72141
72142
72143
72145
72149
72150
72152
72153
72156
72157
72160
72164
72166
72167
72168
72169
72170
72173
72176
72178
72179
72180
72181
72182
72183
72190
72199
72201
72202
72203
72204
72205
72206
72207
72209
72210
72211
72212
72214
72215
72216
72217
72219
72221
72222
72223
72225
72227
72231
72260
72295
72301
72303
72310
72311
72312
72313
72315
72316
72319
72320
72321
72322
72324
72325
72326
72327
72328
72330
72331
72332
72333
72335
72336
72338
72342
72346
72347
72348
72350
72351
72354
72355
72358
72359
72360
72364
72365
72366
72367
72368
72369
72370
72372
72373
72374
72376
72384
72386
72387
72389
72390
72392
72394
72395
72396
72401
72402
72403
72404
72410
72411
72412
72413
72414
72415
72416
72417
72419
72421
72422
72425
72426
72428
72429
72430
72431
72432
72433
72434
72435
72436
72437
72438
72440
72441
72442
72443
72444
72445
72447
72450
72451
72453
72454
72455
72456
72457
72458
72459
72460
72461
72462
72464
72466
72467
72469
72470
72471
72472
72473
72474
72475
72476
72478
72479
72482
72501
72503
72512
72513
72517
72519
72520
72521
72522
72523
72524
72525
72526
72527
72528
72529
72530
72531
72532
72533
72534
72536
72537
72538
72539
72540
72542
72543
72544
72546
72550
72553
72554
72555
72556
72560
72561
72562
72564
72565
72566
72567
72568
72569
72571
72572
72573
72576
72577
72578
72579
72581
72583
72584
72585
72601
72602
72611
72615
72616
72617
72619
72623
72624
72626
72628
72629
72630
72631
72632
72633
72634
72635
72636
72638
72639
72640
72641
72642
72644
72645
72648
72650
72651
72653
72654
72655
72657
72658
72660
72661
72662
72663
72666
72668
72669
72670
72672
72675
72677
72679
72680
72682
72685
72687
72701
72702
72703
72704
72712
72714
72715
72716
72717
72718
72719
72721
72722
72727
72728
72729
72730
72732
72733
72734
72735
72736
72737
72738
72739
72740
72741
72742
72744
72745
72747
72749
72751
72752
72753
72756
72757
72758
72760
72761
72762
72764
72765
72766
72768
72769
72770
72773
72774
72776
72801
72802
72811
72812
72820
72821
72823
72824
72828
72829
72830
72832
72833
72834
72835
72837
72839
72840
72841
72842
72843
72845
72846
72847
72851
72852
72853
72854
72855
72856
72857
72858
72860
72863
72865
72901
72902
72903
72904
72905
72906
72908
72913
72914
72916
72917
72918
72919
72921
72923
72926
72927
72928
72930
72932
72933
72934
72935
72936
72937
72938
72940
72941
72943
72944
72945
72946
72947
72948
72949
72950
72951
72952
72955
72956
72957
72958
72959
73001
73002
73003
73004
73005
73006
73007
73008
73009
73010
73011
73012
73013
73014
73015
73016
73017
73018
73019
73020
73021
73022
73023
73024
73025
73026
73027
73028
73029
73030
73031
73032
73033
73034
73036
73038
73040
73041
73042
73043
73044
73045
73047
73048
73049
73050
73051
73052
73053
73054
73055
73056
73057
73058
73059
73061
73062
73063
73064
73065
73066
73067
73068
73069
73070
73071
73072
73073
73074
73075
73077
73078
73079
73080
73082
73083
73084
73085
73086
73089
73090
73092
73093
73095
73096
73097
73098
73099
73101
73102
73103
73104
73105
73106
73107
73108
73109
73110
73111
73112
73113
73114
73115
73116
73117
73118
73119
73120
73121
73122
73123
73124
73125
73126
73127
73128
73129
73130
73131
73132
73134
73135
73136
73137
73139
73140
73141
73142
73143
73144
73145
73146
73147
73148
73149
73150
73151
73152
73153
73154
73155
73156
73157
73159
73160
73162
73165
73167
73169
73170
73172
73173
73179
73189
73190
73194
73195
73301
73344
73401
73402
73403
73425
73430
73432
73433
73434
73435
73436
73438
73439
73440
73442
73443
73444
73446
73447
73448
73449
73450
73453
73455
73456
73458
73459
73460
73461
73463
73481
73488
73491
73501
73502
73503
73505
73506
73507
73520
73521
73522
73523
73526
73527
73528
73529
73530
73531
73532
73533
73534
73536
73537
73538
73539
73540
73541
73542
73543
73544
73546
73547
73548
73549
73550
73552
73553
73554
73556
73557
73559
73560
73561
73562
73564
73565
73566
73567
73568
73569
73570
73571
73572
73573
73601
73620
73622
73624
73625
73626
73627
73628
73632
73638
73639
73641
73642
73644
73645
73646
73647
73648
73650
73651
73654
73655
73658
73659
73660
73661
73662
73663
73664
73666
73667
73668
73669
73673
73701
73702
73703
73705
73706
73716
73717
73718
73719
73720
73722
73724
73726
73727
73728
73729
73730
73731
73733
73734
73735
73736
73737
73738
73739
73741
73742
73743
73744
73746
73747
73749
73750
73753
73754
73755
73756
73757
73758
73759
73760
73761
73762
73763
73764
73766
73768
73770
73771
73772
73773
73801
73802
73832
73834
73835
73838
73840
73841
73842
73843
73844
73848
73851
73852
73853
73855
73857
73858
73859
73860
73931
73932
73933
73937
73938
73939
73942
73944
73945
73946
73947
73949
73950
73951
73960
74001
74002
74003
74004
74005
74006
74008
74010
74011
74012
74013
74014
74015
74016
74017
74018
74019
74020
74021
74022
74023
74026
74027
74028
74029
74030
74031
74032
74033
74034
74035
74036
74037
74038
74039
74041
74042
74043
74044
74045
74046
74047
74048
74050
74051
74052
74053
74054
74055
74056
74058
74059
74060
74061
74062
74063
74066
74067
74070
74071
74072
74073
74074
74075
74076
74077
74078
74079
74080
74081
74082
74083
74084
74085
74101
74102
74103
74104
74105
74106
74107
74108
74110
74112
74114
74115
74116
74117
74119
74120
74121
74126
74127
74128
74129
74130
74131
74132
74133
74134
74135
74136
74137
74145
74146
74147
74148
74149
74150
74152
74153
74155
74156
74157
74158
74159
74169
74170
74171
74172
74301
74330
74331
74332
74333
74335
74337
74338
74339
74340
74342
74343
74344
74345
74346
74347
74349
74350
74352
74354
74355
74358
74359
74360
74361
74362
74363
74364
74365
74366
74367
74368
74369
74370
74401
74402
74403
74421
74422
74423
74425
74426
74427
74428
74429
74430
74431
74432
74434
74435
74436
74437
74441
74442
74444
74445
74446
74447
74450
74451
74452
74454
74455
74456
74457
74458
74460
74462
74464
74465
74467
74468
74469
74470
74471
74472
74477
74501
74502
74521
74522
74523
74525
74528
74531
74533
74534
74535
74536
74538
74540
74543
74545
74546
74547
74549
74552
74553
74554
74555
74556
74557
74558
74559
74560
74561
74562
74563
74565
74569
74570
74571
74572
74574
74576
74578
74601
74602
74604
74630
74631
74632
74633
74636
74637
74640
74641
74643
74644
74646
74647
74650
74651
74652
74653
74701
74702
74720
74722
74723
74724
74726
74727
74728
74729
74730
74731
74733
74734
74735
74736
74738
74740
74741
74743
74745
74748
74750
74753
74754
74755
74756
74759
74764
74766
74801
74802
74804
74818
74820
74821
74824
74825
74826
74827
74829
74830
74831
74832
74833
74834
74837
74839
74840
74842
74843
74844
74848
74849
74850
74851
74852
74854
74855
74856
74857
74859
74860
74864
74865
74866
74867
74868
74869
74871
74872
74873
74875
74878
74880
74881
74883
74884
74901
74902
74930
74931
74932
74936
74937
74939
74940
74941
74942
74943
74944
74945
74946
74947
74948
74951
74953
74954
74955
74956
74957
74959
74960
74962
74963
74964
74965
74966
75001
75002
75006
75007
75009
75010
75011
75013
75014
75015
75016
75017
75019
75020
75021
75022
75023
75024
75025
75026
75027
75028
75029
75030
75032
75033
75034
75035
75038
75039
75040
75041
75042
75043
75044
75045
75046
75047
75048
75049
75050
75051
75052
75053
75054
75056
75057
75058
75060
75061
75062
75063
75065
75067
75068
75069
75070
75071
75074
75075
75076
75077
75078
75080
75081
75082
75083
75085
75086
75087
75088
75089
75090
75091
75092
75093
75094
75097
75098
75099
75101
75102
75103
75104
75105
75106
75109
75110
75114
75115
75116
75117
75118
75119
75120
75121
75123
75124
75125
75126
75127
75132
75134
75135
75137
75138
75140
75141
75142
75143
75144
75146
75147
75148
75149
75150
75151
75152
75153
75154
75155
75156
75157
75158
75159
75160
75161
75163
75164
75165
75166
75167
75168
75169
75172
75173
75180
75181
75182
75185
75187
75189
75201
75202
75203
75204
75205
75206
75207
75208
75209
75210
75211
75212
75214
75215
75216
75217
75218
75219
75220
75221
75222
75223
75224
75225
75226
75227
75228
75229
75230
75231
75232
75233
75234
75235
75236
75237
75238
75240
75241
75242
75243
75244
75246
75247
75248
75249
75250
75251
75252
75253
75254
75260
75261
75265
75266
75270
75275
75277
75283
75287
75301
75312
75313
75315
75320
75326
75336
75339
75342
75354
75355
75356
75357
75359
75360
75367
75370
75371
75372
75374
75376
75378
75379
75380
75381
75382
75390
75397
75401
75402
75403
75404
75407
75409
75410
75411
75412
75413
75414
75416
75417
75418
75420
75421
75422
75423
75424
75426
75428
75429
75431
75432
75433
75434
75435
75436
75437
75438
75439
75440
75441
75442
75443
75444
75446
75447
75448
75449
75450
75451
75452
75453
75454
75455
75456
75457
75458
75459
75460
75461
75462
75468
75469
75470
75471
75472
75473
75474
75475
75476
75477
75478
75479
75480
75481
75482
75483
75485
75486
75487
75488
75489
75490
75491
75492
75493
75494
75495
75496
75497
75501
75503
75504
75505
75507
75550
75551
75554
75555
75556
75558
75559
75560
75561
75563
75565
75566
75567
75568
75569
75570
75571
75572
75573
75574
75601
75602
75603
75604
75605
75606
75607
75608
75615
75630
75631
75633
75636
75637
75638
75639
75640
75641
75642
75643
75644
75645
75647
75650
75651
75652
75653
75654
75656
75657
75659
75660
75661
75662
75663
75666
75667
75668
75669
75670
75671
75672
75680
75681
75682
75683
75684
75685
75686
75687
75688
75689
75691
75692
75693
75694
75701
75702
75703
75704
75705
75706
75707
75708
75709
75710
75711
75712
75713
75750
75751
75752
75754
75755
75756
75757
75758
75759
75760
75762
75763
75764
75765
75766
75770
75771
75772
75773
75778
75779
75780
75782
75783
75784
75785
75789
75790
75791
75792
75799
75801
75802
75803
75831
75832
75833
75835
75838
75839
75840
75844
75845
75846
75847
75848
75849
75850
75851
75852
75853
75855
75856
75858
75859
75860
75861
75862
75865
75901
75902
75903
75904
75915
75925
75926
75928
75929
75930
75931
75932
75933
75934
75935
75936
75937
75938
75939
75941
75942
75943
75944
75946
75948
75949
75951
75954
75956
75958
75959
75960
75961
75962
75963
75964
75965
75966
75968
75969
75972
75973
75974
75975
75976
75978
75979
75980
76001
76002
76003
76004
76005
76006
76007
76008
76009
76010
76011
76012
76013
76014
76015
76016
76017
76018
76019
76020
76021
76022
76023
76028
76031
76033
76034
76035
76036
76039
76040
76041
76043
76044
76048
76049
76050
76051
76052
76053
76054
76055
76058
76059
76060
76061
76063
76064
76065
76066
76067
76068
76070
76071
76073
76077
76078
76082
76084
76085
76086
76087
76088
76092
76093
76094
76095
76096
76097
76098
76099
76101
76102
76103
76104
76105
76106
76107
76108
76109
76110
76111
76112
76113
76114
76115
76116
76117
76118
76119
76120
76121
76122
76123
76124
76126
76127
76129
76131
76132
76133
76134
76135
76136
76137
76140
76147
76148
76155
76161
76162
76163
76164
76166
76177
76179
76180
76181
76182
76185
76192
76196
76199
76201
76202
76203
76204
76205
76206
76207
76208
76209
76210
76225
76226
76227
76228
76230
76233
76234
76238
76239
76240
76241
76244
76245
76246
76247
76248
76249
76250
76251
76252
76253
76255
76258
76259
76261
76262
76263
76264
76265
76266
76267
76268
76270
76271
76272
76273
76301
76302
76305
76306
76307
76308
76309
76310
76311
76351
76354
76357
76360
76363
76364
76365
76366
76367
76369
76370
76371
76372
76373
76374
76377
76379
76380
76384
76385
76388
76389
76401
76402
76424
76426
76427
76429
76430
76431
76432
76433
76435
76436
76437
76439
76442
76443
76444
76445
76446
76448
76449
76450
76452
76453
76454
76455
76457
76458
76459
76460
76461
76462
76463
76464
76465
76466
76468
76469
76470
76471
76472
76474
76475
76476
76481
76483
76484
76485
76486
76487
76491
76501
76502
76503
76504
76505
76508
76511
76513
76518
76519
76520
76522
76523
76524
76525
76526
76527
76528
76530
76531
76533
76534
76537
76538
76539
76540
76541
76542
76543
76544
76547
76548
76549
76550
76554
76556
76557
76558
76559
76561
76564
76566
76567
76569
76570
76571
76573
76574
76577
76578
76579
76599
76621
76622
76623
76624
76626
76627
76628
76629
76630
76631
76632
76633
76634
76635
76636
76637
76638
76639
76640
76641
76642
76643
76644
76645
76648
76649
76650
76651
76652
76653
76654
76655
76656
76657
76660
76661
76664
76665
76666
76667
76670
76671
76673
76676
76678
76679
76680
76681
76682
76684
76685
76686
76687
76689
76690
76691
76692
76693
76701
76702
76703
76704
76705
76706
76707
76708
76710
76711
76712
76714
76715
76716
76798
76799
76801
76802
76803
76804
76821
76823
76824
76825
76827
76831
76832
76834
76837
76842
76844
76845
76849
76852
76853
76854
76855
76856
76857
76858
76859
76861
76862
76864
76865
76866
76869
76870
76871
76872
76873
76875
76877
76878
76880
76882
76884
76886
76887
76888
76890
76901
76902
76903
76904
76905
76906
76908
76909
76930
76932
76933
76934
76935
76936
76937
76940
76941
76943
76945
76949
76950
76951
76953
76955
76957
76958
77001
77002
77003
77004
77005
77006
77007
77008
77009
77010
77011
77012
77013
77014
77015
77016
77017
77018
77019
77020
77021
77022
77023
77024
77025
77026
77027
77028
77029
77030
77031
77032
77033
77034
77035
77036
77037
77038
77039
77040
77041
77042
77043
77044
77045
77046
77047
77048
77049
77050
77051
77052
77053
77054
77055
77056
77057
77058
77059
77060
77061
77062
77063
77064
77065
77066
77067
77068
77069
77070
77071
77072
77073
77074
77075
77076
77077
77078
77079
77080
77081
77082
77083
77084
77085
77086
77087
77088
77089
77090
77091
77092
77093
77094
77095
77096
77098
77099
77201
77203
77204
77205
77206
77207
77208
77210
77212
77213
77215
77217
77218
77219
77220
77221
77222
77223
77224
77225
77226
77227
77228
77229
77230
77231
77233
77234
77235
77236
77237
77238
77240
77241
77242
77243
77244
77245
77248
77249
77251
77252
77253
77254
77255
77256
77257
77258
77259
77261
77262
77263
77265
77266
77267
77268
77269
77270
77271
77272
77273
77274
77275
77277
77279
77280
77282
77284
77287
77288
77289
77290
77291
77292
77293
77301
77302
77303
77304
77305
77306
77316
77318
77320
77325
77326
77327
77328
77331
77332
77333
77334
77335
77336
77337
77338
77339
77340
77341
77342
77344
77345
77346
77347
77348
77349
77350
77351
77353
77354
77355
77356
77357
77358
77359
77360
77362
77363
77364
77365
77367
77368
77369
77371
77372
77373
77374
77375
77376
77377
77378
77379
77380
77381
77382
77383
77384
77385
77386
77387
77388
77389
77391
77393
77396
77399
77401
77402
77404
77406
77407
77410
77411
77412
77413
77414
77415
77417
77418
77419
77420
77422
77423
77426
77429
77430
77431
77432
77433
77434
77435
77436
77437
77440
77441
77442
77443
77444
77445
77446
77447
77448
77449
77450
77451
77452
77453
77454
77455
77456
77457
77458
77459
77460
77461
77463
77464
77465
77466
77467
77468
77469
77470
77471
77473
77474
77475
77476
77477
77478
77479
77480
77481
77482
77483
77484
77485
77486
77487
77488
77489
77491
77492
77493
77494
77496
77497
77498
77501
77502
77503
77504
77505
77506
77507
77508
77510
77511
77512
77514
77515
77516
77517
77518
77519
77520
77521
77522
77523
77530
77531
77532
77533
77534
77535
77536
77538
77539
77541
77542
77545
77546
77547
77549
77550
77551
77552
77553
77554
77555
77560
77561
77562
77563
77564
77565
77566
77568
77571
77572
77573
77574
77575
77577
77578
77580
77581
77582
77583
77584
77585
77586
77587
77588
77590
77591
77592
77597
77598
77611
77612
77613
77614
77615
77616
77617
77619
77622
77623
77624
77625
77626
77627
77629
77630
77631
77632
77639
77640
77641
77642
77643
77650
77651
77655
77656
77657
77659
77660
77661
77662
77663
77664
77665
77670
77701
77702
77703
77704
77705
77706
77707
77708
77709
77710
77713
77720
77725
77726
77801
77802
77803
77805
77806
77807
77808
77830
77831
77833
77834
77835
77836
77837
77838
77840
77841
77842
77843
77844
77845
77850
77852
77853
77855
77856
77857
77859
77861
77862
77863
77864
77865
77866
77867
77868
77870
77871
77872
77873
77875
77876
77878
77879
77880
77881
77882
77901
77902
77903
77904
77905
77950
77951
77954
77957
77960
77961
77962
77963
77964
77968
77970
77971
77974
77975
77976
77977
77978
77979
77982
77983
77984
77986
77987
77988
77989
77990
77991
77993
77994
77995
78001
78002
78003
78004
78005
78006
78007
78008
78009
78010
78011
78012
78013
78014
78015
78016
78017
78019
78021
78022
78023
78024
78025
78026
78027
78028
78029
78039
78040
78041
78042
78043
78044
78045
78046
78049
78050
78052
78054
78055
78056
78057
78058
78059
78060
78061
78062
78063
78064
78065
78066
78067
78069
78070
78071
78072
78073
78074
78075
78076
78101
78102
78104
78107
78108
78109
78111
78112
78113
78114
78115
78116
78117
78118
78119
78121
78122
78123
78124
78130
78131
78132
78133
78135
78140
78141
78142
78143
78144
78145
78146
78147
78148
78150
78151
78152
78154
78155
78156
78159
78160
78161
78162
78163
78164
78201
78202
78203
78204
78205
78206
78207
78208
78209
78210
78211
78212
78213
78214
78215
78216
78217
78218
78219
78220
78221
78222
78223
78224
78225
78226
78227
78228
78229
78230
78231
78232
78233
78234
78235
78236
78237
78238
78239
78240
78241
78242
78243
78244
78245
78246
78247
78248
78249
78250
78251
78252
78253
78254
78255
78256
78257
78258
78259
78260
78261
78263
78264
78265
78266
78268
78269
78270
78278
78279
78280
78283
78284
78288
78289
78291
78294
78295
78296
78297
78299
78330
78332
78333
78335
78336
78338
78339
78340
78341
78342
78343
78344
78350
78351
78352
78353
78355
78357
78358
78359
78361
78362
78363
78364
78368
78369
78370
78371
78372
78373
78374
78375
78376
78377
78379
78380
78381
78382
78383
78384
78385
78387
78389
78390
78391
78393
78401
78402
78403
78404
78405
78406
78407
78408
78409
78410
78411
78412
78413
78414
78415
78416
78417
78418
78419
78426
78427
78460
78463
78465
78466
78467
78468
78469
78472
78480
78501
78502
78503
78504
78505
78516
78520
78521
78522
78523
78526
78535
78536
78537
78538
78539
78540
78541
78542
78543
78547
78548
78549
78550
78551
78552
78553
78557
78558
78559
78560
78561
78562
78563
78565
78566
78567
78568
78569
78570
78572
78573
78574
78575
78576
78577
78578
78579
78580
78582
78583
78584
78586
78588
78589
78590
78591
78592
78593
78594
78595
78596
78597
78598
78599
78602
78604
78605
78606
78607
78608
78609
78610
78611
78612
78613
78614
78615
78616
78617
78618
78619
78620
78621
78622
78623
78624
78626
78627
78628
78629
78630
78631
78632
78633
78634
78635
78636
78638
78639
78640
78641
78642
78643
78644
78645
78646
78648
78650
78652
78653
78654
78655
78656
78657
78659
78660
78661
78662
78663
78664
78665
78666
78667
78669
78670
78671
78672
78673
78674
78675
78676
78680
78681
78682
78683
78691
78701
78702
78703
78704
78705
78708
78709
78710
78711
78712
78713
78714
78715
78716
78717
78718
78719
78720
78721
78722
78723
78724
78725
78726
78727
78728
78729
78730
78731
78732
78733
78734
78735
78736
78737
78738
78739
78741
78742
78744
78745
78746
78747
78748
78749
78750
78751
78752
78753
78754
78755
78756
78757
78758
78759
78760
78761
78762
78763
78764
78765
78766
78767
78768
78772
78774
78778
78801
78802
78827
78828
78829
78830
78832
78833
78834
78836
78838
78839
78840
78841
78842
78843
78850
78851
78852
78853
78860
78861
78870
78872
78873
78877
78879
78880
78881
78883
78884
78885
78886
78931
78932
78933
78934
78935
78938
78940
78941
78942
78943
78944
78945
78946
78947
78948
78949
78950
78951
78952
78953
78954
78956
78957
78959
78960
78962
78963
79001
79002
79003
79005
79007
79008
79009
79010
79011
79012
79013
79014
79015
79016
79018
79019
79021
79022
79024
79025
79027
79029
79031
79032
79033
79034
79035
79036
79039
79040
79041
79042
79043
79044
79045
79046
79051
79052
79053
79054
79057
79058
79059
79061
79062
79063
79064
79065
79066
79068
79070
79072
79073
79078
79079
79080
79081
79082
79083
79084
79085
79086
79087
79088
79091
79092
79093
79094
79095
79096
79097
79098
79101
79102
79103
79104
79105
79106
79107
79108
79109
79110
79111
79114
79116
79117
79118
79119
79120
79121
79124
79159
79178
79201
79220
79221
79225
79226
79227
79229
79230
79231
79233
79234
79235
79237
79239
79240
79241
79243
79244
79245
79248
79250
79251
79252
79255
79256
79257
79261
79311
79312
79313
79314
79316
79322
79323
79325
79326
79329
79330
79331
79336
79338
79339
79342
79343
79345
79346
79347
79350
79351
79353
79355
79356
79357
79358
79359
79360
79363
79364
79366
79367
79369
79370
79371
79372
79373
79377
79378
79379
79381
79382
79383
79401
79402
79403
79404
79406
79407
79408
79409
79410
79411
79412
79413
79414
79415
79416
79423
79424
79430
79452
79453
79464
79490
79493
79499
79501
79502
79503
79504
79505
79506
79508
79510
79511
79512
79517
79519
79520
79521
79525
79526
79527
79528
79529
79530
79532
79533
79535
79536
79538
79539
79540
79541
79543
79544
79545
79546
79547
